from inpcrd
         0         0
c3      
            1.000685            4.418208           -0.462045
hc      
            0.113529            5.027308           -0.312831
hc      
            1.872556            4.959662           -0.119890
hc      
            0.899098            3.494963            0.105952
c3      
            1.549519            5.322667           -2.769000
hc      
            1.400758            5.103662           -3.820668
hc      
            0.945756            6.176877           -2.485843
hc      
            2.600003            5.520786           -2.591791
c3      
            1.128875            4.108546           -1.954825
os      
            2.119175            3.104827           -2.180649
os      
           -0.133947            3.690085           -2.449857
oh      
            2.736427            0.997706           -2.023204
o       
           -1.752371            2.216503           -2.145478
c2      
            1.799232            1.803024           -1.984586
c2      
           -0.555260            2.452388           -2.078009
c2      
            0.439758            1.476030           -1.741258
c3      
           -0.034456            0.259901           -1.198744
hc      
           -1.058634            0.345996           -0.861065
c2      
            0.532347           -0.990758           -1.079875
o       
            1.661321           -1.407974           -1.707017
c2      
           -0.082684           -1.946629           -0.237425
ha      
            0.131900           -2.989199           -0.417605
c2      
           -0.698914           -1.532369            0.917134
ha      
           -0.687078           -0.472939            1.110828
c3      
           -1.172610           -2.357814            1.925722
h1      
           -1.442594           -3.382262            1.707494
n3      
           -1.257168           -1.960525            3.178590
c3      
           -0.623481           -0.738861            3.634132
h1      
           -0.947789            0.108214            3.029846
h1      
           -0.935889           -0.557121            4.659129
c3      
            0.896496           -0.888426            3.573076
hc      
            1.375216           -0.100552            4.144602
hc      
            1.259934           -0.844429            2.549766
hc      
            1.195221           -1.845049            3.994692
c3      
           -1.822957           -2.796789            4.202901
h1      
           -2.121646           -3.739585            3.752726
h1      
           -1.060741           -3.010830            4.957139
c3      
           -3.025694           -2.113745            4.844549
hc      
           -2.722413           -1.384675            5.587509
hc      
           -3.616247           -1.602971            4.089971
hc      
           -3.649697           -2.855774            5.332966
ho      
            2.145491           -0.621062           -2.034582
OW      
           -3.144638            0.937494            1.076337
HW      
           -2.675693            1.513460            1.791354
HW      
           -3.656338            1.559580            0.432815
OW      
            7.438000          -10.673000            3.954000
HW      
            7.802000          -11.399000            4.537000
HW      
            8.255000          -10.299000            3.467000
OW      
           -1.236000            6.703000          -11.392000
HW      
           -0.919000            7.130000          -12.294000
HW      
           -2.223000            6.273000          -11.517000
OW      
          -10.467000            0.051000            0.978000
HW      
          -10.188000           -0.762000            0.415000
HW      
          -10.439000           -0.287000            1.938000
OW      
            2.012000           -7.146000           11.061000
HW      
            2.030000           -6.438000           11.830000
HW      
            2.072000           -6.594000           10.151000
OW      
            2.054293            1.346784           -5.713275
HW      
            2.833342            1.563155           -5.073094
HW      
            1.828216            0.339492           -5.713299
OW      
            9.235000           -4.068000            9.901000
HW      
            8.421000           -3.926000            9.325000
HW      
           10.003000           -3.400000            9.606000
OW      
            3.736000           -5.822000           -9.036000
HW      
            3.631000           -6.415000           -8.249000
HW      
            4.290000           -4.965000           -8.840000
OW      
           -5.513000           13.468000           -2.311000
HW      
           -5.816000           12.708000           -1.670000
HW      
           -6.282000           14.049000           -2.525000
OW      
            8.666000           -3.456000            6.574000
HW      
            9.221000           -2.621000            6.510000
HW      
            8.630000           -3.787000            5.618000
OW      
            5.958000            6.116000          -10.453000
HW      
            6.739000            6.040000          -11.131000
HW      
            5.133000            5.529000          -10.618000
OW      
           -1.238000           -9.924000           -8.381000
HW      
           -0.887000           -9.096000           -8.889000
HW      
           -1.764000           -9.629000           -7.539000
OW      
            5.165000            9.617000           -7.295000
HW      
            5.803000            9.688000           -6.518000
HW      
            4.508000            8.782000           -7.059000
OW      
           11.793000            4.196000           -4.089000
HW      
           11.036000            4.837000           -3.818000
HW      
           11.820000            3.453000           -3.387000
OW      
           -4.104995            2.669334           -0.841206
HW      
           -3.151634            2.491137           -1.178286
HW      
           -4.174117            3.665250           -0.557212
OW      
           -5.819000            7.218000            0.188000
HW      
           -6.507000            6.727000           -0.402000
HW      
           -6.329000            7.751000            0.849000
OW      
            6.846000            6.241000           -3.260000
HW      
            6.719000            5.592000           -2.467000
HW      
            6.345000            7.026000           -2.862000
OW      
           -5.669000           11.704000           -0.308000
HW      
           -6.447000           11.091000           -0.427000
HW      
           -5.757000           12.093000            0.616000
OW      
            0.970000           -2.345000          -11.175000
HW      
            0.333000           -2.980000          -10.685000
HW      
            1.513000           -1.777000          -10.546000
OW      
          -13.168000            0.261000            1.127000
HW      
          -13.241000            1.039000            0.458000
HW      
          -12.227000           -0.093000            1.017000
OW      
           -1.194000           14.501000            0.862000
HW      
           -2.160000           14.232000            0.518000
HW      
           -0.972000           15.346000            0.411000
OW      
           -9.088000           -5.830000            4.317000
HW      
           -8.804000           -5.000000            3.788000
HW      
           -8.280000           -6.487000            4.266000
OW      
           -7.388000            8.905000           -2.459000
HW      
           -7.858000            8.109000           -2.949000
HW      
           -6.444000            8.705000           -2.152000
OW      
            3.434000           10.889000            5.201000
HW      
            3.088000           11.503000            4.449000
HW      
            2.742000           10.402000            5.750000
OW      
            7.216000           10.068000           -3.256000
HW      
            6.392000            9.661000           -2.858000
HW      
            8.037000            9.997000           -2.654000
OW      
            0.640423            2.508551            4.104718
HW      
            1.530955            2.145256            3.731663
HW      
            0.682043            2.487268            5.135593
OW      
           -7.262000           -3.879000            9.616000
HW      
           -6.919000           -4.819000            9.912000
HW      
           -7.536000           -3.968000            8.639000
OW      
            1.000000          -10.119000           -4.603000
HW      
            0.824000          -11.057000           -4.148000
HW      
            0.884000           -9.412000           -3.852000
OW      
           -2.030000            5.937000            4.689000
HW      
           -2.539000            5.932000            3.821000
HW      
           -2.451000            6.633000            5.277000
OW      
          -11.073000           -8.165000           -0.725000
HW      
          -11.265000           -9.145000           -0.476000
HW      
          -10.291000           -7.964000           -0.085000
OW      
           -7.193000            9.101000            2.245000
HW      
           -6.940000            9.669000            3.048000
HW      
           -7.388000            9.619000            1.375000
OW      
            4.222000          -11.740000           -0.384000
HW      
            3.439000          -11.292000            0.152000
HW      
            5.122000          -11.869000            0.114000
OW      
            5.556000          -10.740000           -2.549000
HW      
            5.322000          -10.975000           -1.619000
HW      
            5.146000          -11.451000           -3.164000
OW      
           -7.563000            2.509000           -8.214000
HW      
           -7.414000            1.997000           -7.314000
HW      
           -7.422000            3.567000           -8.080000
OW      
           -0.208000           11.737000            0.908000
HW      
           -0.805000           11.569000            0.100000
HW      
           -0.568000           12.632000            1.252000
OW      
            7.213000           -8.085000           -5.315000
HW      
            7.804000           -8.571000           -6.025000
HW      
            7.228000           -7.086000           -5.458000
OW      
           -6.020791            0.504280           -3.838940
HW      
           -5.608235            1.442601           -3.702612
HW      
           -6.598606            0.530538           -4.695704
OW      
           -9.412000           -3.022000           10.954000
HW      
           -9.936000           -2.221000           10.561000
HW      
           -8.755000           -3.442000           10.252000
OW      
           -6.277000           -1.503000          -10.569000
HW      
           -5.930000           -1.383000          -11.586000
HW      
           -6.672000           -2.443000          -10.466000
OW      
            2.758170           -7.793589            0.705788
HW      
            3.054960           -7.748754           -0.286095
HW      
            2.188482           -6.950437            0.859095
OW      
            4.219000           -2.302000           13.426000
HW      
            3.177000           -2.316000           13.329000
HW      
            4.580000           -1.990000           12.530000
OW      
           -5.562000           -5.583000           12.861000
HW      
           -5.815000           -5.914000           11.892000
HW      
           -5.267000           -4.596000           12.729000
OW      
            8.309000            8.161000           -0.479000
HW      
            8.785000            7.421000            0.069000
HW      
            9.039000            8.444000           -1.206000
OW      
           -6.243000           -8.425000           -4.316000
HW      
           -7.147000           -8.199000           -3.889000
HW      
           -6.332000           -9.396000           -4.642000
OW      
           -5.277000            6.794000           -7.930000
HW      
           -4.521000            7.467000           -8.012000
HW      
           -5.656000            7.063000           -7.006000
OW      
           -5.137000            5.056000            6.953000
HW      
           -4.576000            4.435000            6.340000
HW      
           -6.110000            5.045000            6.796000
OW      
           10.510000           -3.674000            0.559000
HW      
           11.264000           -4.385000            0.269000
HW      
            9.508000           -3.902000            0.570000
OW      
           -2.772000           -4.382000           10.258000
HW      
           -3.612000           -4.464000           10.803000
HW      
           -1.993000           -4.334000           10.960000
OW      
           -0.003000          -11.737000            5.894000
HW      
           -0.598000          -12.026000            5.167000
HW      
           -0.486000          -11.098000            6.578000
OW      
           -7.091000            8.067000            7.866000
HW      
           -6.574000            7.360000            8.396000
HW      
           -7.253000            7.670000            6.967000
OW      
            5.046000           -0.263000          -11.548000
HW      
            5.037000            0.090000          -10.603000
HW      
            4.135000           -0.167000          -11.875000
OW      
            7.039000           -5.118000           -4.332000
HW      
            7.801000           -5.049000           -4.993000
HW      
            7.239000           -4.393000           -3.661000
OW      
           -8.907000            3.394000            2.184000
HW      
           -9.420000            3.306000            1.292000
HW      
           -9.649000            2.963000            2.785000
OW      
            3.702579            6.904763           -0.579992
HW      
            3.905821            5.989621           -0.157010
HW      
            4.463386            7.567247           -0.328917
OW      
           13.157000           -4.360000            3.860000
HW      
           12.233000           -3.934000            3.527000
HW      
           13.344000           -4.098000            4.772000
OW      
            8.158000            1.070000            5.183000
HW      
            8.395000            1.995000            5.583000
HW      
            8.994000            0.648000            4.755000
OW      
            4.292570            4.376814            0.712939
HW      
            4.141778            3.360149            0.643856
HW      
            4.117643            4.663885            1.686576
OW      
           -0.907000            5.501000           -8.887000
HW      
           -1.152000            6.094000           -9.712000
HW      
           -1.771000            5.167000           -8.428000
OW      
            0.730000          -11.628000           -7.014000
HW      
            0.275000          -11.019000           -7.698000
HW      
            0.969000          -10.991000           -6.280000
OW      
           -1.322000            5.702000            9.215000
HW      
           -1.463000            6.619000            8.797000
HW      
           -2.114000            5.094000            8.874000
OW      
          -10.347000           -0.928000           -2.557000
HW      
          -11.053000           -0.175000           -2.347000
HW      
          -10.232000           -1.533000           -1.702000
OW      
           -3.116000           -0.669000            8.666000
HW      
           -3.866000           -0.648000            7.943000
HW      
           -2.376000            0.030000            8.419000
OW      
           -1.335556            0.807989            7.167269
HW      
           -0.892147           -0.129331            7.077685
HW      
           -0.566359            1.494642            7.155663
OW      
            2.758000           12.449000            0.620000
HW      
            1.804000           12.082000            0.531000
HW      
            2.719000           13.442000            0.549000
OW      
            1.496732           -5.302778            0.884113
HW      
            2.006657           -5.337807            1.793496
HW      
            2.025484           -4.671239            0.258316
OW      
            1.719000            0.353000           -9.928000
HW      
            1.633000            1.223000          -10.473000
HW      
            2.558000            0.339000           -9.309000
OW      
           -6.852000            4.839000            1.543000
HW      
           -7.764000            4.427000            1.768000
HW      
           -6.834000            5.050000            0.536000
OW      
            5.456000            9.061000            4.971000
HW      
            4.650000            9.731000            4.950000
HW      
            5.964000            8.928000            4.107000
OW      
           -2.165979           -7.752127            0.446707
HW      
           -1.889342           -7.527887           -0.516293
HW      
           -1.619030           -7.162172            1.091389
OW      
           -2.125046           -5.246650            6.051963
HW      
           -3.048608           -5.477447            5.653866
HW      
           -2.241970           -4.500457            6.764596
OW      
           -2.096000          -10.576000           -0.038000
HW      
           -2.326000           -9.760000            0.508000
HW      
           -1.057000          -10.543000           -0.030000
OW      
            4.449000           13.429000           -2.654000
HW      
            4.718000           12.553000           -2.209000
HW      
            4.124000           13.301000           -3.627000
OW      
            8.226000           -4.704000            3.942000
HW      
            8.853000           -5.394000            3.509000
HW      
            7.332000           -4.914000            3.490000
OW      
            2.603578           -1.677071            6.300115
HW      
            2.553353           -0.679542            6.579269
HW      
            3.513667           -1.806343            5.827075
OW      
           -3.928000           -9.164000            2.240000
HW      
           -3.021000           -9.588000            2.587000
HW      
           -3.748000           -8.465000            1.485000
OW      
            1.487000           -6.178000          -10.432000
HW      
            2.297000           -6.022000           -9.727000
HW      
            0.881000           -5.331000          -10.389000
OW      
            4.893000            8.244000           -3.154000
HW      
            4.462000            7.989000           -2.237000
HW      
            4.245000            8.765000           -3.692000
OW      
           -1.452000            2.902000           11.246000
HW      
           -0.627000            3.481000           10.945000
HW      
           -2.173000            2.673000           10.499000
OW      
           -5.011647           -3.124212            2.477708
HW      
           -4.750497           -2.475916            1.719382
HW      
           -4.407104           -3.954298            2.390523
OW      
           -6.124000            2.724000            5.608000
HW      
           -5.793000            3.549000            5.044000
HW      
           -7.131000            2.804000            5.880000
OW      
            9.876000            9.684000           -2.082000
HW      
           10.070000            9.926000           -3.068000
HW      
           10.735000            9.665000           -1.506000
OW      
           -9.890000            2.752000           -3.168000
HW      
          -10.300000            2.158000           -3.934000
HW      
           -8.918000            2.929000           -3.235000
OW      
            6.752000           11.950000            1.133000
HW      
            7.552000           11.947000            0.499000
HW      
            6.708000           12.977000            1.349000
OW      
            0.059712            9.172629            1.899641
HW      
           -0.043004           10.164310            1.631257
HW      
            0.662086            8.756302            1.163830
OW      
            6.948000           -6.404000            9.814000
HW      
            7.837000           -6.757000           10.175000
HW      
            6.537000           -6.010000           10.701000
OW      
           -3.093000           12.601000           -8.195000
HW      
           -2.293000           12.105000           -8.724000
HW      
           -3.775000           11.901000           -7.763000
OW      
            7.913000           -1.864000            3.438000
HW      
            8.755000           -1.471000            3.828000
HW      
            7.948000           -2.915000            3.666000
OW      
            6.168000            8.354000            7.590000
HW      
            5.798000            8.535000            6.644000
HW      
            7.242000            8.457000            7.601000
OW      
            2.996000            7.507000           -6.885000
HW      
            2.430000            8.179000           -7.415000
HW      
            3.143000            6.608000           -7.398000
OW      
            8.247000           -9.031000            8.857000
HW      
            7.763000           -8.850000            7.956000
HW      
            7.974000           -9.838000            9.395000
OW      
           -6.173000           -1.154000            9.289000
HW      
           -7.055000           -0.636000            9.102000
HW      
           -6.382000           -2.141000            9.546000
OW      
            6.464000           -2.928000            8.124000
HW      
            6.297000           -1.907000            7.936000
HW      
            7.183000           -3.116000            7.476000
OW      
            4.920000           -3.398000           -8.873000
HW      
            5.670000           -2.808000           -8.553000
HW      
            4.809000           -3.141000           -9.889000
OW      
            5.239000           -8.078000           -8.496000
HW      
            5.300000           -7.596000           -9.448000
HW      
            6.204000           -8.056000           -8.208000
OW      
           -2.746000           10.053000            5.832000
HW      
           -3.114000            9.080000            5.768000
HW      
           -1.843000           10.080000            5.422000
OW      
           -4.824000           10.817000           -7.323000
HW      
           -5.462000           10.698000           -6.513000
HW      
           -4.343000            9.919000           -7.518000
OW      
           -1.898000           -0.710000           13.094000
HW      
           -1.832000           -1.688000           13.527000
HW      
           -1.631000            0.181000           13.662000
OW      
            4.649000           11.110000           -0.624000
HW      
            3.727000           11.460000           -0.283000
HW      
            5.184000           11.425000            0.178000
OW      
           -2.329000           -9.109000           -5.981000
HW      
           -3.101000           -8.916000           -5.320000
HW      
           -1.530000           -8.550000           -5.621000
OW      
           -9.633000           -6.892000            7.692000
HW      
           -9.389000           -7.557000            6.964000
HW      
          -10.655000           -6.817000            7.764000
OW      
            2.408000          -11.669000            6.032000
HW      
            1.394000          -11.685000            6.095000
HW      
            2.771000          -12.629000            6.113000
OW      
            3.355056            4.565652            3.429069
HW      
            3.233250            3.544939            3.350159
HW      
            2.420764            5.011284            3.491605
OW      
           -1.665158            7.250693            0.790115
HW      
           -1.051798            7.872928            1.339717
HW      
           -1.921934            6.439809            1.358020
OW      
           -7.870000            7.122000           -9.251000
HW      
           -6.880000            7.126000           -9.007000
HW      
           -8.257000            6.287000           -8.762000
OW      
           -5.109000            8.262000            4.540000
HW      
           -4.571000            8.384000            3.635000
HW      
           -4.501000            7.839000            5.282000
OW      
            7.666000           -1.693000           -5.603000
HW      
            8.464000           -2.269000           -5.215000
HW      
            6.959000           -1.832000           -4.891000
OW      
           -9.796000            6.370000           -2.208000
HW      
          -10.084000            7.266000           -1.994000
HW      
          -10.446000            5.615000           -1.794000
OW      
           10.701000           -4.950000           -3.035000
HW      
           11.022000           -5.334000           -3.913000
HW      
           11.551000           -4.785000           -2.471000
OW      
           -6.306000           -6.431000           10.235000
HW      
           -5.611000           -6.911000            9.673000
HW      
           -7.245000           -6.885000           10.150000
OW      
            8.409000           -6.684000           -1.618000
HW      
            7.974000           -6.076000           -2.310000
HW      
            9.435000           -6.669000           -1.703000
OW      
           -5.407000            4.612000            3.738000
HW      
           -4.487000            4.563000            3.316000
HW      
           -6.011000            4.734000            2.909000
OW      
           10.858000           -3.264000            3.071000
HW      
           10.729000           -3.198000            2.056000
HW      
           10.295000           -2.627000            3.602000
OW      
           -4.450382           -1.339563            0.453086
HW      
           -3.804278           -0.550803            0.650001
HW      
           -5.385773           -1.000774            0.743516
OW      
           -3.536000          -10.634000            8.308000
HW      
           -3.604000          -11.632000            8.028000
HW      
           -4.517000          -10.403000            8.153000
OW      
            4.901000           -4.735000            5.393000
HW      
            4.992000           -3.740000            5.600000
HW      
            5.512000           -5.293000            5.971000
OW      
           -3.462000          -10.465000          -10.414000
HW      
           -2.801000          -10.319000           -9.686000
HW      
           -4.467000          -10.134000          -10.193000
OW      
            8.626000            3.518000            6.281000
HW      
            8.249000            4.292000            5.693000
HW      
            8.374000            3.808000            7.211000
OW      
           12.417000            0.269000            2.856000
HW      
           12.020000           -0.273000            2.018000
HW      
           12.322000            1.249000            2.645000
OW      
            7.236000            0.827000           -0.514000
HW      
            8.278000            0.724000           -0.447000
HW      
            6.918000            0.020000            0.078000
OW      
            2.313000           -3.031000           -7.568000
HW      
            3.219000           -3.391000           -7.786000
HW      
            1.594000           -3.485000           -8.109000
OW      
            2.816000            2.740000           -7.916000
HW      
            2.892000            2.273000           -6.991000
HW      
            3.774000            2.613000           -8.229000
OW      
           -8.072000           -4.221000            7.054000
HW      
           -7.309000           -4.144000            6.253000
HW      
           -8.587000           -5.126000            6.778000
OW      
           -3.457000            7.296000            6.470000
HW      
           -3.218000            7.711000            7.368000
HW      
           -4.018000            6.477000            6.750000
OW      
            3.571000           -7.522000            7.086000
HW      
            3.290000           -7.909000            6.194000
HW      
            4.529000           -7.351000            7.062000
OW      
            2.627000           15.637000           -2.685000
HW      
            3.148000           14.776000           -2.463000
HW      
            3.255000           16.201000           -3.302000
OW      
            1.713000           -6.014000            8.605000
HW      
            1.923000           -5.010000            8.546000
HW      
            2.473000           -6.446000            8.017000
OW      
            7.596000           -8.492000            6.227000
HW      
            8.495000           -8.395000            5.749000
HW      
            7.119000           -9.309000            5.817000
OW      
           -6.540000           -3.208000            5.014000
HW      
           -5.677000           -2.899000            4.498000
HW      
           -7.328000           -2.824000            4.484000
OW      
          -10.505000            0.663000           -5.016000
HW      
          -10.522000            0.183000           -4.040000
HW      
          -11.244000            0.286000           -5.565000
OW      
            4.986000          -10.960000            7.072000
HW      
            4.396000          -10.990000            6.246000
HW      
            4.387000          -10.433000            7.769000
OW      
           -1.947136            2.540860            3.003374
HW      
           -0.961472            2.539888            3.308599
HW      
           -2.488317            2.128535            3.791907
OW      
           10.685000            3.734000            4.435000
HW      
           10.175000            3.477000            5.286000
HW      
           10.175000            3.288000            3.681000
OW      
           -1.748000          -10.974000           -2.709000
HW      
           -1.826000          -11.100000           -1.702000
HW      
           -1.604000          -10.001000           -2.859000
OW      
            6.207000            1.342000           -3.058000
HW      
            6.930000            1.842000           -3.600000
HW      
            6.535000            1.187000           -2.088000
OW      
           -6.715000           -7.312000            3.833000
HW      
           -6.412000           -7.119000            2.886000
HW      
           -6.980000           -8.294000            4.011000
OW      
            9.662000          -10.080000           -0.489000
HW      
            9.729000          -10.760000           -1.245000
HW      
            9.056000           -9.348000           -0.844000
OW      
           -6.075000           -9.989000          -10.105000
HW      
           -6.587000          -10.873000           -9.996000
HW      
           -6.262000           -9.464000           -9.232000
OW      
            6.277000            5.002000           -7.788000
HW      
            5.978000            5.543000           -6.963000
HW      
            6.100000            5.535000           -8.618000
OW      
            4.825000            9.272000           -9.976000
HW      
            4.210000            8.529000          -10.424000
HW      
            4.368000            9.668000           -9.178000
OW      
           -7.175000            3.957000           -3.583000
HW      
           -6.169000            3.681000           -3.743000
HW      
           -7.655000            4.345000           -4.461000
OW      
            6.531000            9.359000            2.441000
HW      
            6.487000           10.258000            1.945000
HW      
            6.301000            8.614000            1.714000
OW      
           -4.175000            0.353000           11.289000
HW      
           -3.589000           -0.367000           11.737000
HW      
           -4.462000            0.024000           10.367000
OW      
           -0.795602           -6.030793            2.102258
HW      
           -0.454177           -6.216258            3.060498
HW      
            0.020726           -5.726572            1.537857
OW      
            5.750000            1.146000            4.296000
HW      
            6.737000            0.935000            4.639000
HW      
            5.185000            1.586000            5.087000
OW      
            4.056783            2.448341           -4.246998
HW      
            3.517343            2.704141           -3.416607
HW      
            4.921652            1.994211           -3.898605
OW      
            2.986000            4.702000           10.517000
HW      
            3.586000            5.370000           11.005000
HW      
            2.781000            3.888000           11.103000
OW      
           -0.619000           -4.282000           -9.863000
HW      
           -1.647000           -4.226000           -9.691000
HW      
           -0.189000           -4.458000           -8.987000
OW      
           10.445000           -0.223000           -3.583000
HW      
           10.176000            0.278000           -4.406000
HW      
           10.077000           -1.153000           -3.484000
OW      
           10.286000           -7.778000            5.433000
HW      
           10.244000           -7.137000            4.625000
HW      
           10.206000           -7.343000            6.356000
OW      
           -3.276000            8.598000           -7.888000
HW      
           -2.448000            8.760000           -7.261000
HW      
           -2.993000            8.759000           -8.875000
OW      
            5.229052           -1.859182            5.415060
HW      
            5.839299           -1.323246            6.045916
HW      
            5.557368           -1.672320            4.464461
OW      
          -10.104000            2.543000           -0.390000
HW      
           -9.966000            2.493000           -1.449000
HW      
          -10.215000            1.631000            0.038000
OW      
            3.496657            4.778796           -5.548373
HW      
            2.823475            4.636121           -6.299960
HW      
            3.760186            3.877837           -5.116864
OW      
           -5.328000           -7.087000           -1.112000
HW      
           -6.026000           -7.601000           -1.689000
HW      
           -5.589000           -7.100000           -0.079000
OW      
            0.667045            5.204690            3.716034
HW      
           -0.178939            5.689164            4.030882
HW      
            0.537535            4.189137            3.821279
OW      
           -4.457000            8.328000          -11.413000
HW      
           -5.391000            8.078000          -11.748000
HW      
           -4.246000            7.663000          -10.636000
OW      
          -13.204000            2.526000           -0.569000
HW      
          -12.584000            3.342000           -0.504000
HW      
          -14.173000            2.888000           -0.383000
OW      
           -8.722000            7.450000           -4.547000
HW      
           -9.401000            7.093000           -3.830000
HW      
           -9.211000            8.284000           -4.967000
OW      
            7.358000            4.942000            1.886000
HW      
            7.405000            5.018000            2.925000
HW      
            7.311000            3.918000            1.783000
OW      
           11.075000           -1.911000            6.811000
HW      
           10.893000           -1.821000            7.806000
HW      
           12.040000           -2.302000            6.708000
OW      
          -11.233000           -6.450000           -2.785000
HW      
          -10.340000           -5.868000           -2.765000
HW      
          -11.364000           -6.829000           -1.813000
OW      
          -12.693000            0.552000           -2.470000
HW      
          -12.700000            1.328000           -1.807000
HW      
          -13.385000            0.721000           -3.198000
OW      
           -4.515000           -6.853000          -12.376000
HW      
           -5.216000           -6.564000          -11.603000
HW      
           -4.014000           -6.017000          -12.659000
OW      
           -7.444000           -9.324000           -1.322000
HW      
           -7.993000           -8.876000           -0.565000
HW      
           -7.941000           -8.992000           -2.238000
OW      
           -3.308000           -4.330000           -9.826000
HW      
           -3.749000           -3.959000          -10.661000
HW      
           -3.401000           -5.372000           -9.817000
OW      
            8.272000           -7.616000            0.894000
HW      
            8.135000           -7.354000           -0.090000
HW      
            7.707000           -8.419000            0.973000
OW      
           -0.135000            0.602000           10.877000
HW      
           -0.741000            1.403000           10.639000
HW      
           -0.656000           -0.060000           11.471000
OW      
           -0.332000           -0.089000           -8.085000
HW      
            0.266000           -0.124000           -8.891000
HW      
           -0.351000            0.881000           -7.787000
OW      
           -0.613000           -7.369000            7.518000
HW      
            0.318000           -7.163000            7.853000
HW      
           -0.746000           -6.851000            6.658000
OW      
          -10.156000           -2.548000           -0.312000
HW      
          -10.680000           -3.271000            0.202000
HW      
           -9.186000           -2.800000           -0.492000
OW      
            7.027000            2.267000            1.821000
HW      
            7.028000            1.697000            0.937000
HW      
            6.303000            1.910000            2.477000
OW      
           -3.548000           -4.340000          -12.852000
HW      
           -3.966000           -3.585000          -13.445000
HW      
           -2.582000           -4.108000          -12.636000
OW      
            4.490000           12.284000           -7.777000
HW      
            4.925000           11.337000           -7.645000
HW      
            5.093000           13.135000           -7.700000
OW      
            1.538000            9.047000           -8.724000
HW      
            1.939000            8.554000           -9.546000
HW      
            1.764000           10.040000           -8.785000
OW      
           -7.269000            5.243000           -1.227000
HW      
           -7.076000            4.590000           -2.034000
HW      
           -7.910000            5.950000           -1.626000
OW      
            5.365000            3.345000            9.203000
HW      
            4.517000            3.861000            9.479000
HW      
            6.211000            3.969000            9.135000
OW      
           -5.997000           -2.883000           -4.481000
HW      
           -5.679000           -2.399000           -5.328000
HW      
           -6.905000           -2.425000           -4.228000
OW      
            7.662000           -4.388000            0.434000
HW      
            6.760000           -4.145000            0.842000
HW      
            7.954000           -5.332000            0.413000
OW      
            2.081000           -3.363000            8.257000
HW      
            2.211000           -2.697000            7.459000
HW      
            3.020000           -3.491000            8.727000
OW      
            7.174000            8.564000           -5.574000
HW      
            7.302000            9.109000           -4.728000
HW      
            6.581000            7.750000           -5.568000
OW      
            2.877000            7.599000          -10.608000
HW      
            2.359000            7.885000          -11.438000
HW      
            3.185000            6.663000          -10.866000
OW      
           -4.015847            5.295221           -0.337206
HW      
           -3.976222            5.560055           -1.338248
HW      
           -4.655249            6.008103            0.055614
OW      
            8.647000            4.828000           -6.746000
HW      
            8.909000            5.767000           -6.410000
HW      
            7.982000            4.801000           -7.490000
OW      
            0.531000          -12.805000           -3.584000
HW      
            0.444000          -13.856000           -3.756000
HW      
           -0.314000          -12.486000           -3.041000
OW      
            5.807000           -5.501000            3.079000
HW      
            5.573000           -6.443000            2.738000
HW      
            5.352000           -5.169000            3.897000
OW      
            2.125000            2.705000          -11.939000
HW      
            2.693000            2.826000          -12.773000
HW      
            1.134000            3.044000          -12.039000
OW      
            4.395000           -3.834000            9.742000
HW      
            5.079000           -3.646000            8.923000
HW      
            4.926000           -4.021000           10.637000
OW      
            6.612000            2.705000           -9.224000
HW      
            6.407000            3.439000           -8.560000
HW      
            7.386000            3.021000           -9.865000
OW      
            6.937000           -0.399000            7.237000
HW      
            7.481000            0.135000            6.500000
HW      
            6.849000            0.162000            8.057000
OW      
           -4.408000           11.392000           -3.892000
HW      
           -5.407000           11.355000           -4.240000
HW      
           -4.480000           12.092000           -3.170000
OW      
           -4.722587            2.854370           -3.530195
HW      
           -4.554095            2.800532           -2.510333
HW      
           -3.818041            2.840461           -4.027142
OW      
            6.819000           -1.643000           -8.201000
HW      
            6.964000           -1.662000           -7.151000
HW      
            7.721000           -1.639000           -8.700000
OW      
           -2.852000           -6.778000            8.928000
HW      
           -1.894000           -7.011000            8.681000
HW      
           -2.718000           -5.895000            9.416000
OW      
           -3.580174           -5.467659           -2.256435
HW      
           -4.243159           -6.135491           -1.807264
HW      
           -3.935619           -4.534140           -1.992603
OW      
            1.663000            2.248000           11.691000
HW      
            1.481000            2.757000           12.555000
HW      
            0.975000            1.507000           11.677000
OW      
            3.026000           -9.245000           -6.066000
HW      
            2.243000           -9.756000           -5.614000
HW      
            3.718000           -8.837000           -5.385000
OW      
           -5.837000           -9.878000            4.413000
HW      
           -5.835000          -10.841000            4.814000
HW      
           -5.035000           -9.701000            3.793000
OW      
          -11.965000            4.369000           -3.624000
HW      
          -12.145000            5.179000           -2.990000
HW      
          -11.079000            4.035000           -3.329000
OW      
           -6.556000           10.578000            4.709000
HW      
           -5.885000            9.817000            4.902000
HW      
           -7.234000           10.521000            5.482000
OW      
           -0.393000           10.031000            4.637000
HW      
           -0.240000            9.432000            3.804000
HW      
            0.120000           10.946000            4.670000
OW      
           -1.763000            3.807000            6.296000
HW      
           -1.649000            4.518000            5.595000
HW      
           -0.888000            3.384000            6.569000
OW      
           -3.631000          -11.699000           -5.829000
HW      
           -3.048000          -10.867000           -5.911000
HW      
           -3.007000          -12.382000           -5.561000
OW      
           -4.589000            0.140000           -9.403000
HW      
           -3.840000           -0.447000           -9.085000
HW      
           -5.276000           -0.512000           -9.901000
OW      
           -8.758000            6.741000            2.375000
HW      
           -8.229000            7.589000            2.127000
HW      
           -8.121000            5.971000            2.463000
OW      
           -2.090592            8.884182           -1.304809
HW      
           -1.972468            8.221583           -0.512222
HW      
           -1.200073            8.869116           -1.825189
OW      
            5.976026           -1.430230           -3.404894
HW      
            4.968560           -1.451737           -3.673139
HW      
            6.178253           -0.424911           -3.295034
OW      
           -8.044000            5.136000            6.417000
HW      
           -7.961000            5.820000            5.611000
HW      
           -8.881000            4.565000            6.255000
OW      
            2.825000            0.150000            9.748000
HW      
            2.655000            0.957000           10.382000
HW      
            3.476000           -0.393000           10.281000
OW      
            9.253000            0.640000           -6.040000
HW      
            9.599000            0.795000           -6.986000
HW      
            8.808000           -0.261000           -5.891000
OW      
            6.048000           -6.408000            7.201000
HW      
            6.300000           -6.242000            8.187000
HW      
            6.781000           -6.974000            6.724000
OW      
          -11.197000            5.785000            1.923000
HW      
          -11.754000            6.688000            2.091000
HW      
          -10.240000            6.079000            2.100000
OW      
            4.547000            5.016000            5.845000
HW      
            4.121000            4.886000            4.867000
HW      
            4.102000            5.718000            6.457000
OW      
           -3.221000          -12.593000            1.415000
HW      
           -3.027000          -11.716000            0.837000
HW      
           -2.925000          -12.240000            2.317000
OW      
           -8.345000            4.925000           -5.835000
HW      
           -9.036000            4.761000           -6.474000
HW      
           -8.408000            5.927000           -5.644000
OW      
            2.309000            9.096000           -4.619000
HW      
            2.744000            8.708000           -5.446000
HW      
            1.804000            9.958000           -4.843000
OW      
            3.441028           -1.102687           -4.006793
HW      
            3.180802           -0.291390           -3.446766
HW      
            2.653209           -1.327568           -4.641967
OW      
           12.093000            1.980000           -2.276000
HW      
           13.002000            1.816000           -1.762000
HW      
           11.822000            1.095000           -2.653000
OW      
            0.498000           -1.992000           10.396000
HW      
            0.489000           -0.997000           10.381000
HW      
            0.853000           -2.370000            9.507000
OW      
           10.722000            4.028000           -7.966000
HW      
            9.998000            4.204000           -7.217000
HW      
           11.621000            3.954000           -7.518000
OW      
           -5.138000           -1.029000            6.813000
HW      
           -5.762000           -1.398000            6.030000
HW      
           -5.491000           -1.140000            7.756000
OW      
            0.817000          -10.000000            0.227000
HW      
            1.055000           -9.210000            0.810000
HW      
            1.300000          -10.799000            0.710000
OW      
           -0.002000           -8.748000            3.914000
HW      
            1.029000           -8.988000            4.007000
HW      
           -0.133000           -7.905000            4.480000
OW      
           10.303000           -0.848000            4.459000
HW      
           11.051000           -0.309000            4.018000
HW      
           10.611000           -1.227000            5.367000
OW      
          -10.619000            2.037000            3.847000
HW      
          -10.993000            1.059000            3.994000
HW      
          -11.474000            2.521000            3.642000
OW      
           -6.833000           -0.675000            1.533000
HW      
           -7.048000            0.152000            2.155000
HW      
           -7.033000           -1.530000            2.020000
OW      
           -7.440000            7.299000            5.099000
HW      
           -6.474000            7.601000            4.639000
HW      
           -8.056000            7.836000            4.528000
OW      
            7.266000            5.347000            4.638000
HW      
            6.369000            5.137000            5.118000
HW      
            7.314000            6.370000            4.686000
OW      
            1.589000           -6.165000          -13.162000
HW      
            1.602000           -6.120000          -12.061000
HW      
            0.693000           -5.921000          -13.490000
OW      
            0.546000           -5.186000           -7.731000
HW      
           -0.129000           -4.953000           -6.999000
HW      
            1.188000           -5.892000           -7.320000
OW      
           -1.020000            8.667000           -9.534000
HW      
           -1.043000            8.339000          -10.521000
HW      
           -0.081000            8.503000           -9.129000
OW      
            0.764000            2.544000            6.919000
HW      
            1.581000            1.909000            6.977000
HW      
            0.912000            3.355000            7.560000
OW      
           -1.071000           -9.999000            7.545000
HW      
           -2.059000          -10.080000            7.884000
HW      
           -0.897000           -9.041000            7.448000
OW      
            0.823000          -10.240000            9.295000
HW      
            0.430000           -9.822000           10.160000
HW      
            0.059000          -10.125000            8.556000
OW      
           -9.540000           -3.145000           -7.397000
HW      
           -9.836000           -3.167000           -8.329000
HW      
           -8.668000           -2.647000           -7.267000
OW      
           -0.358000           -8.313000          -10.111000
HW      
           -0.361000           -8.632000          -11.093000
HW      
            0.464000           -7.704000           -9.951000
OW      
            0.466000           11.108000           -5.567000
HW      
            0.836000           12.080000           -5.774000
HW      
           -0.326000           11.223000           -5.007000
OW      
            8.729000            3.235000           -1.835000
HW      
            7.912000            3.655000           -1.301000
HW      
            8.597000            3.092000           -2.816000
OW      
           -3.648000            8.701000            2.294000
HW      
           -3.698000            8.160000            1.421000
HW      
           -3.801000            9.655000            2.016000
OW      
           -8.171000           -1.373000           -4.018000
HW      
           -9.074000           -1.338000           -3.530000
HW      
           -7.549000           -0.860000           -3.388000
OW      
            7.218000           -3.523000           -2.148000
HW      
            7.219000           -3.776000           -1.157000
HW      
            6.547000           -2.782000           -2.388000
OW      
           -9.039000           -2.219000            3.891000
HW      
           -8.799000           -1.570000            4.661000
HW      
           -9.947000           -2.653000            4.022000
OW      
            2.585000           11.469000           -9.293000
HW      
            3.251000           11.939000           -8.668000
HW      
            2.509000           12.111000          -10.018000
OW      
           -7.127000           11.105000           -4.254000
HW      
           -7.913000           11.752000           -4.446000
HW      
           -7.205000           10.405000           -3.464000
OW      
            1.601000           -2.049000           12.962000
HW      
            1.122000           -1.959000           12.141000
HW      
            1.124000           -1.473000           13.707000
OW      
           -1.675446            5.228228           -4.618507
HW      
           -1.021705            5.825926           -5.151817
HW      
           -1.367752            5.230293           -3.648337
OW      
           -6.386000           -9.713000            8.662000
HW      
           -5.812000           -8.926000            8.239000
HW      
           -7.243000           -9.648000            8.093000
OW      
          -11.522000            4.850000           -0.616000
HW      
          -10.806000            4.135000           -0.518000
HW      
          -11.735000            5.352000            0.222000
OW      
            6.444000          -12.520000            1.368000
HW      
            7.348000          -12.712000            0.946000
HW      
            6.670000          -11.945000            2.188000
OW      
            5.604000            8.720000           -0.283000
HW      
            6.651000            8.723000           -0.371000
HW      
            5.173000            9.663000           -0.386000
OW      
           -1.265385           -6.939005           -2.214496
HW      
           -2.026614           -6.238912           -2.182983
HW      
           -0.981420           -6.998331           -3.209799
OW      
            0.836000           -8.812000           -2.327000
HW      
            0.927000           -9.284000           -1.437000
HW      
            0.215000           -8.030000           -2.074000
OW      
           -0.666000           -3.964000           11.784000
HW      
           -0.126000           -3.261000           11.250000
HW      
           -0.075000           -4.781000           11.896000
OW      
           -6.029000            7.886000           -5.472000
HW      
           -5.318000            8.163000           -4.828000
HW      
           -6.980000            7.860000           -5.100000
OW      
           -7.472000            0.523000           -6.249000
HW      
           -7.174000           -0.407000           -6.525000
HW      
           -8.496000            0.564000           -6.056000
OW      
           -2.112000            8.125000            8.722000
HW      
           -2.511000            8.161000            9.646000
HW      
           -1.664000            9.016000            8.532000
OW      
          -11.754000           -2.236000           -6.029000
HW      
          -10.838000           -2.644000           -6.266000
HW      
          -12.099000           -1.522000           -6.707000
OW      
           -3.380383           -5.333239            2.351990
HW      
           -3.623917           -5.526617            3.337529
HW      
           -2.387135           -5.591598            2.194168
OW      
           -2.969016            4.975068            2.191138
HW      
           -2.523678            4.063052            2.397635
HW      
           -3.321987            4.987627            1.218497
OW      
           -4.423000            2.516000          -11.607000
HW      
           -5.383000            2.669000          -11.371000
HW      
           -4.119000            1.680000          -11.098000
OW      
            4.950000            2.428000            6.728000
HW      
            5.132000            2.558000            7.697000
HW      
            4.841000            3.369000            6.406000
OW      
           -2.742000            0.153000          -13.736000
HW      
           -3.299000            1.026000          -13.686000
HW      
           -1.858000            0.368000          -13.253000
OW      
           -5.286000           11.841000            2.790000
HW      
           -4.650000           12.483000            3.270000
HW      
           -5.875000           11.444000            3.484000
OW      
           -0.236000           -8.790000           11.325000
HW      
           -1.082000           -8.210000           11.569000
HW      
            0.473000           -8.138000           11.258000
OW      
           -4.601000           -2.946000           12.126000
HW      
           -4.446000           -2.592000           13.095000
HW      
           -4.047000           -2.375000           11.499000
OW      
           -8.213000           -0.046000           -9.675000
HW      
           -8.087000            0.841000           -9.191000
HW      
           -7.469000           -0.748000          -10.048000
OW      
           -6.804000           -2.055000           -7.519000
HW      
           -5.957000           -2.513000           -7.237000
HW      
           -6.623000           -1.692000           -8.482000
OW      
            4.796000           -1.348000           10.758000
HW      
            4.556000           -2.159000           10.173000
HW      
            5.475000           -0.695000           10.285000
OW      
            3.842000            9.887000            9.180000
HW      
            4.544000            9.155000            8.883000
HW      
            2.936000            9.833000            8.619000
OW      
           10.932000            4.409000           -0.724000
HW      
           11.799000            3.904000           -0.487000
HW      
           10.308000            3.637000           -1.084000
OW      
            4.888000           -3.095000          -11.767000
HW      
            4.367000           -3.596000          -12.462000
HW      
            4.889000           -2.120000          -12.010000
OW      
           -5.071000           -7.584000            7.587000
HW      
           -4.174000           -7.083000            7.905000
HW      
           -5.045000           -7.581000            6.559000
OW      
            2.776907           -5.714873            3.127242
HW      
            2.521089           -5.412652            4.078028
HW      
            3.324185           -6.574711            3.160970
OW      
           -3.435000            4.545000           -8.388000
HW      
           -4.247000            4.947000           -7.952000
HW      
           -3.494000            3.553000           -8.056000
OW      
            9.163000            0.119000            9.819000
HW      
            9.803000            0.931000            9.655000
HW      
            8.195000            0.340000            9.618000
OW      
           -7.204000           -0.583000           -1.340000
HW      
           -6.745000           -0.008000           -1.999000
HW      
           -7.360000           -0.313000           -0.367000
OW      
           -0.451000            0.709000          -12.184000
HW      
           -0.994000            0.965000          -11.372000
HW      
            0.328000            0.012000          -11.862000
OW      
           -4.523000           -5.675000            4.823000
HW      
           -5.111000           -5.049000            5.356000
HW      
           -5.150000           -6.393000            4.432000
OW      
            9.762000            0.909000           -0.949000
HW      
            9.348000            1.849000           -1.233000
HW      
           10.022000            0.526000           -1.875000
OW      
           -5.528000            5.916000            9.377000
HW      
           -5.688000            5.233000           10.112000
HW      
           -5.533000            5.438000            8.435000
OW      
            8.350000            2.529000           -4.406000
HW      
            8.888000            1.899000           -5.051000
HW      
            8.410000            3.493000           -4.771000
OW      
            2.836000            6.540000            7.262000
HW      
            2.159000            5.943000            7.663000
HW      
            2.498000            7.513000            7.285000
OW      
            3.345000           -9.728000            8.540000
HW      
            3.246000           -8.786000            8.105000
HW      
            2.427000           -9.950000            9.046000
OW      
            4.958000           -8.250000           -3.904000
HW      
            5.115000           -9.121000           -3.311000
HW      
            5.896000           -7.987000           -4.260000
OW      
            5.030000           -7.944000            2.300000
HW      
            4.409000           -8.069000            1.523000
HW      
            5.082000           -8.826000            2.842000
OW      
            2.355000           -5.202000           13.133000
HW      
            2.239000           -4.198000           12.990000
HW      
            3.296000           -5.284000           13.485000
OW      
           -6.546000          -11.925000           -1.498000
HW      
           -5.800000          -11.928000           -2.258000
HW      
           -6.926000          -11.013000           -1.539000
OW      
            2.208195           -4.917371            5.698387
HW      
            3.244663           -4.910592            5.656609
HW      
            1.927767           -4.489795            6.584159
OW      
           -2.365000           -7.267000           11.865000
HW      
           -3.192000           -7.347000           11.245000
HW      
           -2.742000           -6.988000           12.766000
OW      
            4.803000          -10.764000            3.644000
HW      
            4.725000          -11.734000            3.949000
HW      
            5.808000          -10.568000            3.734000
OW      
           -2.046000           11.806000           -1.179000
HW      
           -2.292000           10.833000           -1.060000
HW      
           -2.746000           12.498000           -0.802000
OW      
           -2.337633            2.593724           -4.854393
HW      
           -1.741740            2.337902           -4.060812
HW      
           -2.150055            3.599714           -5.027167
OW      
            9.014000           11.519000           -0.116000
HW      
            9.987000           11.691000            0.058000
HW      
            8.869000           10.551000           -0.150000
OW      
           -5.601000           -6.506000            1.510000
HW      
           -4.570000           -6.190000            1.647000
HW      
           -6.012000           -5.664000            1.151000
OW      
           -3.203512            1.368008            5.078948
HW      
           -2.580666            1.237532            5.889480
HW      
           -4.158711            1.518602            5.400437
OW      
           -2.769000           -7.004000          -10.190000
HW      
           -3.185000           -7.189000          -11.155000
HW      
           -1.858000           -7.370000          -10.107000
OW      
           -0.829000          -13.115000            3.379000
HW      
           -1.355000          -13.960000            3.691000
HW      
            0.166000          -13.283000            3.280000
OW      
           -8.035000           10.320000           -0.139000
HW      
           -8.795000           10.960000           -0.115000
HW      
           -8.099000            9.711000           -0.915000
OW      
           -7.516000           -3.096000           -0.665000
HW      
           -7.494000           -2.070000           -0.917000
HW      
           -6.524000           -3.326000           -0.897000
OW      
            4.006173            1.609061            0.512372
HW      
            3.443933            1.493194           -0.337985
HW      
            4.832221            1.018840            0.405476
OW      
            3.410000           -7.499000           -1.860000
HW      
            4.041000           -7.832000           -2.586000
HW      
            2.480000           -7.905000           -2.211000
OW      
           -4.048330           -4.847174           -5.002810
HW      
           -4.838739           -4.212040           -4.821654
HW      
           -3.841471           -5.316051           -4.109965
OW      
            1.411000            9.173000            6.775000
HW      
            1.003000            9.427000            7.696000
HW      
            0.705000            9.460000            6.074000
OW      
           -9.069000           -8.483000           -3.299000
HW      
           -9.422000           -9.193000           -4.000000
HW      
           -9.738000           -7.715000           -3.041000
OW      
            9.034000           -5.449000           -6.089000
HW      
            8.976000           -5.338000           -7.136000
HW      
            9.957000           -5.749000           -5.870000
OW      
            1.158000           -2.482000          -14.049000
HW      
            0.808000           -2.587000          -13.083000
HW      
            2.125000           -2.878000          -14.227000
OW      
           -4.326000            6.213000           -2.889000
HW      
           -4.538000            7.172000           -3.078000
HW      
           -4.025000            5.825000           -3.732000
OW      
           -7.330000            1.297000            3.305000
HW      
           -8.003000            1.947000            2.902000
HW      
           -6.691000            1.842000            3.913000
OW      
           -4.904733           -3.138716           -1.609160
HW      
           -4.608668           -2.394386           -0.952536
HW      
           -5.120234           -2.756923           -2.536455
OW      
            2.066000           -6.779000           -6.325000
HW      
            2.722000           -6.213000           -5.790000
HW      
            2.406000           -7.766000           -6.338000
OW      
           -0.496585           -6.908618           -4.900256
HW      
            0.415462           -7.041749           -5.355157
HW      
           -0.881009           -6.013884           -5.242133
OW      
            9.438000           -2.682000           -3.315000
HW      
           10.010000           -3.522000           -3.221000
HW      
            8.766000           -2.841000           -2.542000
OW      
            6.558000            0.826000            9.659000
HW      
            6.768000            0.994000           10.654000
HW      
            6.406000            1.782000            9.285000
OW      
            7.856000            8.413000           -8.714000
HW      
            7.864000            8.323000           -7.705000
HW      
            6.919000            8.676000           -9.128000
OW      
           -1.675000           11.882000           -3.944000
HW      
           -2.603000           11.404000           -3.993000
HW      
           -1.394000           11.901000           -2.994000
OW      
           -3.856000            5.154000          -11.078000
HW      
           -3.807000            5.137000          -10.040000
HW      
           -3.808000            4.215000          -11.413000
OW      
            9.794000           -6.376000            2.746000
HW      
           10.715000           -6.320000            2.430000
HW      
            9.244000           -6.945000            2.044000
OW      
          -11.443000           -4.467000            1.089000
HW      
          -12.439000           -4.380000            0.811000
HW      
          -11.188000           -5.341000            1.565000
OW      
            0.893000           13.590000           -6.161000
HW      
            1.038000           14.126000           -7.023000
HW      
            0.034000           13.936000           -5.787000
OW      
           -8.725000           -1.148000            6.458000
HW      
           -8.366000           -2.115000            6.595000
HW      
           -9.740000           -1.102000            6.703000
OW      
           -6.571000          -11.105000           -4.979000
HW      
           -6.292000          -11.745000           -5.750000
HW      
           -5.782000          -11.015000           -4.384000
OW      
            5.189223           -3.493565            1.237548
HW      
            5.149882           -4.224535            1.963115
HW      
            4.351595           -3.557345            0.631630
OW      
            2.772000           -9.282000            4.914000
HW      
            3.686000           -9.421000            4.526000
HW      
            2.546000          -10.182000            5.451000
OW      
           -1.233000           14.489000           -4.661000
HW      
           -1.606000           13.592000           -4.338000
HW      
           -2.142000           14.867000           -4.947000
OW      
           -3.765000            2.015000           -7.530000
HW      
           -4.414000            1.362000           -8.023000
HW      
           -3.665000            1.826000           -6.573000
OW      
           -3.311223           -0.014517           -5.065113
HW      
           -2.873808            0.910421           -4.961941
HW      
           -4.186193           -0.045530           -4.533937
OW      
            2.722000            0.826000            7.276000
HW      
            2.628000            0.483000            8.247000
HW      
            3.688000            1.129000            7.105000
OW      
            3.238946            1.833561            3.125144
HW      
            3.360950            1.707612            2.104907
HW      
            4.082718            1.431263            3.556397
OW      
            1.340846            8.294113           -0.339909
HW      
            2.217985            7.752192           -0.421153
HW      
            0.965222            8.491862           -1.272450
OW      
           -1.462760           -4.486476           -5.878661
HW      
           -1.346131           -3.461582           -5.934152
HW      
           -2.448162           -4.656906           -5.608587
OW      
            5.477000           -6.895000          -11.074000
HW      
            6.032000           -5.999000          -10.970000
HW      
            4.478000           -6.627000          -11.084000
OW      
            3.384000            4.949000          -10.496000
HW      
            3.012000            4.160000          -11.019000
HW      
            2.609000            5.220000           -9.874000
OW      
            9.766000            2.543000            2.378000
HW      
           10.140000            2.323000            1.474000
HW      
            8.776000            2.430000            2.201000
OW      
            1.629000            5.316000           -8.084000
HW      
            0.593000            5.431000           -8.289000
HW      
            1.945000            4.330000           -8.239000
OW      
            2.636000           12.856000            3.394000
HW      
            2.046000           13.678000            3.528000
HW      
            2.800000           12.669000            2.423000
OW      
           -3.631000           12.708000            5.430000
HW      
           -3.395000           11.687000            5.675000
HW      
           -4.386000           13.069000            6.050000
OW      
            7.859000           -9.230000           -2.538000
HW      
            7.777000           -8.254000           -2.193000
HW      
            6.989000           -9.809000           -2.451000
OW      
            9.854000            5.764000           -3.087000
HW      
            8.847000            5.803000           -3.130000
HW      
           10.191000            5.630000           -2.087000
OW      
           -5.857000           -6.403000           -9.898000
HW      
           -6.792000           -6.738000           -9.690000
HW      
           -5.290000           -6.584000           -9.056000
OW      
           -9.107000           -4.969000           -2.961000
HW      
           -8.141000           -5.269000           -2.989000
HW      
           -9.261000           -4.408000           -3.755000
OW      
           10.990000           -0.962000            0.752000
HW      
           10.460000           -0.468000            0.095000
HW      
           10.887000           -1.999000            0.613000
OW      
            0.078000            2.574000           -7.750000
HW      
           -0.236000            2.639000           -6.789000
HW      
            1.126000            2.504000           -7.752000
OW      
           -8.240000           -9.882000            2.489000
HW      
           -7.300000          -10.300000            2.443000
HW      
           -8.875000          -10.661000            2.255000
OW      
           -1.479442           -1.734106           -6.279074
HW      
           -1.073824           -1.153799           -7.043548
HW      
           -2.175718           -1.145217           -5.786756
OW      
           -7.947000            1.111000            9.266000
HW      
           -7.016000            1.258000            9.564000
HW      
           -8.048000            1.397000            8.273000
OW      
            5.567000            6.505000           -5.659000
HW      
            6.000000            6.291000           -4.813000
HW      
            4.666000            5.994000           -5.536000
OW      
            3.839000           -5.307000           -4.824000
HW      
            3.872000           -5.157000           -3.850000
HW      
            4.452000           -4.717000           -5.284000
OW      
           -2.388000           -3.206000            7.795000
HW      
           -2.723000           -3.569000            8.672000
HW      
           -2.569000           -2.216000            8.012000
OW      
           -1.026000           11.299000           -9.294000
HW      
           -1.076000           10.255000           -9.364000
HW      
           -0.018000           11.545000           -9.366000
OW      
           -5.060000            1.991000            8.081000
HW      
           -5.575000            2.289000            7.196000
HW      
           -5.184000            1.001000            8.093000
OW      
           -9.693000           -5.907000           -6.993000
HW      
          -10.603000           -6.168000           -6.572000
HW      
           -9.662000           -4.880000           -7.058000
OW      
            4.660000           -5.215000           -2.181000
HW      
            4.340000           -6.173000           -1.915000
HW      
            5.474000           -5.296000           -2.774000
OW      
           -2.196000           10.862000            8.449000
HW      
           -2.122000           11.923000            8.584000
HW      
           -2.540000           10.677000            7.485000
OW      
           -1.752000          -10.493000            3.018000
HW      
           -1.357000          -11.431000            3.214000
HW      
           -0.981000           -9.830000            3.269000
OW      
           -2.943000            3.420000            8.768000
HW      
           -2.618000            3.218000            7.832000
HW      
           -3.905000            2.958000            8.808000
OW      
           -4.415000          -11.741000           -3.073000
HW      
           -3.494000          -11.253000           -3.121000
HW      
           -4.361000          -12.724000           -3.509000
OW      
            9.410000            6.986000           -5.528000
HW      
            8.447000            7.510000           -5.434000
HW      
            9.795000            6.753000           -4.572000
OW      
           -7.205000            2.805000          -11.048000
HW      
           -7.235000            2.605000          -10.016000
HW      
           -8.155000            3.138000          -11.206000
OW      
           -4.581000           -6.626000           -7.616000
HW      
           -3.729000           -7.077000           -7.291000
HW      
           -4.656000           -5.818000           -6.976000
OW      
            0.369897            6.747962           -5.717138
HW      
            0.626971            6.384141           -6.640233
HW      
            1.244257            7.082789           -5.306694
OW      
            6.483000            4.697000           -0.901000
HW      
            5.639000            4.395000           -0.366000
HW      
            6.986000            5.378000           -0.284000
OW      
           -3.712000           -2.622000           -7.930000
HW      
           -3.675000           -3.467000           -8.487000
HW      
           -2.875000           -2.599000           -7.339000
OW      
           -4.370000            8.790000           -2.995000
HW      
           -3.616000            8.370000           -2.424000
HW      
           -4.162000            9.771000           -3.130000
OW      
           -3.563000           -8.475000           -3.534000
HW      
           -3.339000           -7.823000           -2.747000
HW      
           -4.475000           -8.804000           -3.633000
OW      
            1.098000            4.641000            8.388000
HW      
            0.157000            4.967000            8.549000
HW      
            1.641000            4.903000            9.232000
OW      
            6.490614           -1.061162            1.225661
HW      
            5.919552           -1.917638            1.135232
HW      
            7.085143           -1.231277            2.056727
OW      
           -0.479000            4.182000          -11.721000
HW      
           -0.896000            5.103000          -11.649000
HW      
           -0.928000            3.478000          -11.104000
OW      
            6.455000            6.404000           10.029000
HW      
            5.951000            6.874000            9.247000
HW      
            5.781000            6.400000           10.807000
OW      
            2.382000          -11.469000            1.717000
HW      
            2.906000          -10.989000            2.456000
HW      
            2.479000          -12.473000            1.892000
OW      
            9.509000            6.148000            0.894000
HW      
           10.200000            5.488000            0.534000
HW      
            8.741000            5.651000            1.320000
OW      
            3.670000           13.313000           -5.158000
HW      
            2.649000           13.342000           -5.296000
HW      
            3.984000           12.899000           -6.045000
OW      
           -8.408000            1.842000            6.727000
HW      
           -8.321000            0.923000            6.298000
HW      
           -9.269000            2.239000            6.393000
OW      
           -7.846000           -9.891000            6.421000
HW      
           -8.559000           -9.316000            5.963000
HW      
           -6.979000           -9.870000            5.777000
OW      
            4.893000            0.415000           -8.733000
HW      
            5.417000            1.276000           -8.778000
HW      
            5.561000           -0.281000           -8.353000
OW      
            3.697000          -10.228000           -8.336000
HW      
            3.294000          -10.005000           -7.402000
HW      
            4.256000           -9.371000           -8.385000
OW      
           -8.504000           -4.920000            1.118000
HW      
           -9.433000           -4.885000            0.801000
HW      
           -8.009000           -4.337000            0.458000
OW      
           -7.369000           -4.295000          -10.577000
HW      
           -6.855000           -5.007000          -10.046000
HW      
           -7.559000           -4.560000          -11.541000
OW      
           -6.179000           -9.036000           -7.653000
HW      
           -6.023000           -9.574000           -6.812000
HW      
           -5.802000           -8.151000           -7.594000
OW      
           -0.176445           -1.574744            6.980514
HW      
            0.750959           -1.808629            6.612283
HW      
           -0.709240           -2.409920            7.253758
OW      
           -3.537000           14.249000           -0.274000
HW      
           -4.178000           13.948000           -0.960000
HW      
           -3.951000           15.078000            0.059000
OW      
            0.148632            8.880995           -2.931058
HW      
           -0.511870            9.198395           -3.640859
HW      
            1.074684            8.866133           -3.390422
OW      
            1.366002           -1.357339           -5.688565
HW      
            1.776186           -1.970048           -6.424535
HW      
            0.350819           -1.497461           -5.727754
OW      
           -1.776000            2.211000           -9.910000
HW      
           -2.502000            1.758000           -9.368000
HW      
           -1.218000            2.655000           -9.155000
OW      
           -8.848000           -8.009000            0.778000
HW      
           -8.591000           -8.595000            1.593000
HW      
           -8.834000           -7.104000            1.249000
OW      
           -6.012000          -10.811000            1.184000
HW      
           -5.224000          -10.284000            1.546000
HW      
           -6.103000          -10.663000            0.206000
OW      
           -4.161000            3.274000           12.218000
HW      
           -3.143000            3.163000           12.059000
HW      
           -4.586000            2.382000           12.171000
OW      
           -1.243000            9.057000           -6.155000
HW      
           -0.752000            8.307000           -5.797000
HW      
           -0.572000            9.857000           -6.383000
OW      
            9.710000           -6.735000            7.818000
HW      
            9.583000           -5.721000            7.983000
HW      
            9.365000           -7.390000            8.479000
OW      
            3.144151           -3.685633           -0.576726
HW      
            3.714205           -4.240748           -1.247408
HW      
            2.692440           -2.927693           -1.095057
OW      
           -0.037910           -6.140114            4.769696
HW      
            0.818761           -5.683148            5.126484
HW      
           -0.869110           -5.704011            5.224673
OW      
           -8.467000           -7.194000           -8.846000
HW      
           -8.272000           -8.156000           -8.521000
HW      
           -8.934000           -6.736000           -7.984000
